naics.2012.to.2007 <- list(
  "321900" = list("321900" = 0.99280720,
                  "337100" = 0.007192792),
  "443100" = list("443100" = 0.962794264,
                  "451200" = 0.037205736),
  "722500" = list("722100" = 0.525976147,
                  "722200" = 0.474023853)
)

naics.2007.to.2002 <- list(
  "333200" = list("333200" = 0.994,
                  "339100" = 0.006),
  "333400" = list("333400" = 0.999,
                  "339100" = 0.001),
  "333900" = list("333900" = 0.995389507,
                  "339100" = 0.004610493),
  "334500" = list("334500" = 0.9888396,
                  "334200" = 0.0111604),
  "336600" = list("336600" = 0.994715266,
                  "326100" = 0.004293846,
                  "326200" = 0.000990888),
  "337100" = list("337100" = 0.999488686,
                  "339100" = 0.000511314),
  "314900" = list("314900" = 0.929234847,
                  "315200" = 0.070765153),
  "517100" = list("517100" = 0.716,
                  "517500" = 0.23,
                  "518100" = 0.054),
  "517900" = list("517300" = 0.726,
                  "518100" = 0.146,
                  "517900" = 0.127),
  "519100" = list("519100" = 0.394850039,
                  "516000" = 0.367931176,
                  "518100" = 0.237218785),
  "531100" = list("531100" = 0.992859764,
                  "525900" = 0.007140236),
  "561300" = list("561300" = 0.99087745,
                  "541600" = 0.00912255)
)
